PWL:
	  -20	 300.2511
           0     300.2511 
           20    206.2085 
           40    257.6979 
           60    244.1212 
           80    203.1065 
           100   168.7219 
           120   356.8669 
           140   545.8594 
           160   630.0652 
           180   667.8662 
           200   684.9187 
           220   692.6487 
           240   696.1697 
           260   697.7811 
           280   698.522  
           300   698.8644 
           320   699.0233 
           340   699.0973 
           360   699.132  
           380   699.1483 
           400   699.1561 
           420   699.1597 
           440   699.1615 
           460   699.1623 
           480   699.1627 
           500   699.1629 
           520   699.163  
           540   699.163  
           560   699.1631 
           580   699.1631 
           600   699.1631 
           620   699.1631 
           640   699.1631 
           660   699.1631 
           680   699.1631 
           700   699.1631 
           720   699.1631 
           740   699.1631 
           760   699.1631 
           780   699.1631 
           800   699.1631 
           820   699.1631 
           840   699.1631 
           860   699.1631 
           880   699.1631 
           900   699.1631 
	1000	699.1631
